mean: 211.37922361962185
std: 53.725665480075286